0.0069055858704888395
0.003963844692744092
0.004965237341388456
0.006020364131834644
0.007098183844423726
0.00816307016911807
0.009174261757713612
0.0100908031244493
0.010864565226595577
0.011456629699415308
0.011819484310193851
0.011919040007904929
0.011724436051274658
0.011210213941008827
0.010365551984060011
0.009189985612658925
0.007694739795702947
0.005902918466556405
0.0038540136349618785
0.001598926817317497
-0.0007996655197223251
-0.0032665693267718314
-0.005717272798715251
-0.008059377162800821
-0.01019714925001423
-0.012034542293382829
-0.01347800665058999
-0.014439478941656503
-0.01483892860925354
-0.014609135513357024
-0.013698397110198417
-0.012072169925650746
-0.009717128650587156
-0.0066419809140963884
-0.0028777495384948813
0.0015257254696657513
0.006495671094922205
0.011937224431635148
0.017737896455751398
0.023767572122076152
0.02989283322272225
0.03597048031098102
0.041849058652683346
0.047374800389931436
0.052414024084235226
0.05684407283766925
0.060525160269433415
0.06338532447214772
0.06533138783565971
0.06631890068010433
0.06631890068010433
0.06533138783565971
0.06338532447214772
0.060525160269433415
0.05684407283766925
0.052414024084235226
0.047374800389931436
0.041849058652683346
0.03597048031098102
0.02989283322272225
0.023767572122076152
0.017737896455751398
0.011937224431635148
0.006495671094922205
0.0015257254696657513
-0.0028777495384948813
-0.0066419809140963884
-0.009717128650587156
-0.012072169925650746
-0.013698397110198417
-0.014609135513357024
-0.01483892860925354
-0.014439478941656503
-0.01347800665058999
-0.012034542293382829
-0.01019714925001423
-0.008059377162800821
-0.005717272798715251
-0.0032665693267718314
-0.0007996655197223251
0.001598926817317497
0.0038540136349618785
0.005902918466556405
0.007694739795702947
0.009189985612658925
0.010365551984060011
0.011210213941008827
0.011724436051274658
0.011919040007904929
0.011819484310193851
0.011456629699415308
0.010864565226595577
0.0100908031244493
0.009174261757713612
0.00816307016911807
0.007098183844423726
0.006020364131834644
0.004965237341388456
0.003963844692744092
0.0069055858704888395